3785,3
3785,2
3785,1
3785,0
3784,3
3784,2
3784,1
3784,0
3783,3
3783,2
3783,1
3783,0
3782,3
3782,2
3782,1
3782,0
3781,3
3781,2
3781,1
3781,0
3780,4
3780,3
3780,2
3780,1
3780,0
3779,4
3779,3
3779,2
3779,1
3779,0
3778,3
3778,2
3778,1
3778,0
3777,3
3777,2
3777,1
3777,0
3776,3
3776,2
3776,1
3776,0
3775,3
3775,2
3775,1
3775,0
3774,3
3774,2
3774,1
3774,0
3773,3
3773,2
3773,1
3773,0
3772,4
3772,3
3772,2
3772,1
3772,0
3771,4
3771,3
3771,2
3771,1
3771,0
3770,3
3770,2
3770,1
3770,0
3769,3
3769,2
3769,1
3769,0
3768,3
3768,2
3768,1
3768,0
3767,3
3767,2
3767,1
3767,0
3766,3
3766,2
3766,1
3766,0
3765,3
3765,2
3765,1
3765,0
3764,4
3764,3
3764,2
3764,1
3764,0
3763,4
3763,3
3763,2
3763,1
3763,0
3762,3
3762,2
3762,1
3762,0
3761,3
3761,2
3761,1
3761,0
3760,3
3760,2
3760,1
3760,0
3759,3
3759,2
3759,1
3759,0
3758,3
3758,2
3758,1
3758,0
3757,3
3757,2
3757,1
3757,0
3756,4
3756,3
3756,2
3756,1
3756,0
3755,4
3755,3
3755,2
3755,1
3755,0
3754,3
3754,2
3754,1
3754,0
3753,3
3753,2
3753,1
3753,0
3752,3
3752,2
3752,1
3752,0
3751,3
3751,2
3751,1
3751,0
3750,3
3750,2
3750,1
3750,0
3749,3
3749,2
3749,1
3749,0
3748,4
3748,3
3748,2
3748,1
3748,0
3747,4
3747,3
3747,2
3747,1
3747,0
3746,3
3746,2
3746,1
3746,0
3745,3
3745,2
3745,1
3745,0
3744,3
3744,2
3744,1
3744,0
3743,3
3743,2
3743,1
3743,0
3742,3
3742,2
3742,1
3742,0
3741,3
3741,2
3741,1
3741,0
3740,4
3740,3
3740,2
3740,1
3740,0
3739,4
3739,3
3739,2
3739,1
3739,0
3738,3
3738,2
3738,1
3738,0
3737,3
3737,2
3737,1
3737,0
3736,3
3736,2
3736,1
3736,0
3735,3
3735,2
3735,1
3735,0
3734,3
3734,2
3734,1
3734,0
3733,3
3733,2
3733,1
3733,0
3732,4
3732,3
3732,2
3732,1
3732,0
3731,4
3731,3
3731,2
3731,1
3731,0
3730,3
3730,2
3730,1
3730,0
3729,3
3729,2
3729,1
3729,0
3728,3
3728,2
3728,1
3728,0
3727,3
3727,2
3727,1
3727,0
3726,3
3726,2
3726,1
3726,0
3725,3
3725,2
3725,1
3725,0
3724,4
3724,3
3724,2
3724,1
3724,0
3723,4
3723,3
3723,2
3723,1
3723,0
3722,3
3722,2
3722,1
3722,0
3721,3
3721,2
3721,1
3721,0
3720,3
3720,2
3720,1
3720,0
3719,3
3719,2
3719,1
3719,0
3718,3
3718,2
3718,1
3718,0
3717,3
3717,2
3717,1
3717,0
3716,4
3716,3
3716,2
3716,1
3716,0
3715,4
3715,3
3715,2
3715,1
3715,0
3714,3
3714,2
3714,1
3714,0
3713,3
3713,2
3713,1
3713,0
3712,3
3712,2
3712,1
3712,0
3711,3
3711,2
3711,1
3711,0
3710,3
3710,2
3710,1
3710,0
3709,3
3709,2
3709,1
3709,0
3708,4
3708,3
3708,2
3708,1
3708,0
3707,4
3707,3
3707,2
3707,1
3707,0
3706,3
3706,2
3706,1
3706,0
3705,3
3705,2
3705,1
3705,0
3704,3
3704,2
3704,1
3704,0
3703,3
3703,2
3703,1
3703,0
3702,3
3702,2
3702,1
3702,0
3701,3
3701,2
3701,1
3701,0
3700,4
3700,3
3700,2
3700,1
3700,0
3699,4
3699,3
3699,2
3699,1
3699,0
3698,3
3698,2
3698,1
3698,0
3697,3
3697,2
3697,1
3697,0
3696,3
3696,2
3696,1
3696,0
3695,3
3695,2
3695,1
3695,0
3694,3
3694,2
3694,1
3694,0
3693,3
3693,2
3693,1
3693,0
3692,4
3692,3
3692,2
3692,1
3692,0
3691,4
3691,3
3691,2
3691,1
3691,0
3690,3
3690,2
3690,1
3690,0
3689,3
3689,2
3689,1
3689,0
3688,3
3688,2
3688,1
3688,0
3687,3
3687,2
3687,1
3687,0
3686,3
3686,2
3686,1
3686,0
3685,3
3685,2
3685,1
3685,0
3684,4
3684,3
3684,2
3684,1
3684,0
3683,4
3683,3
3683,2
3683,1
3683,0
3682,3
3682,2
3682,1
3682,0
3681,3
3681,2
3681,1
3681,0
3680,3
3680,2
3680,1
3680,0
3679,3
3679,2
3679,1
3679,0
3678,3
3678,2
3678,1
3678,0
3677,3
3677,2
3677,1
3677,0
3676,4
3676,3
3676,2
3676,1
3676,0
3675,4
3675,3
3675,2
3675,1
3675,0
3674,3
3674,2
3674,1
3674,0
3673,3
3673,2
3673,1
3673,0
3672,3
3672,2
3672,1
3672,0
3671,3
3671,2
3671,1
3671,0
3670,3
3670,2
3670,1
3670,0
3669,3
3669,2
3669,1
3669,0
3668,4
3668,3
3668,2
3668,1
3668,0
3667,4
3667,3
3667,2
3667,1
3667,0
3666,3
3666,2
3666,1
3666,0
3665,3
3665,2
3665,1
3665,0
3664,3
3664,2
3664,1
3664,0
3663,3
3663,2
3663,1
3663,0
3662,3
3662,2
3662,1
3662,0
3661,3
3661,2
3661,1
3661,0
3660,4
3660,3
3660,2
3660,1
3660,0
3659,4
3659,3
3659,2
3659,1
3659,0
3658,3
3658,2
3658,1
3658,0
3657,3
3657,2
3657,1
3657,0
3656,3
3656,2
3656,1
3656,0
3655,3
3655,2
3655,1
3655,0
3654,3
3654,2
3654,1
3654,0
3653,3
3653,2
3653,1
3653,0
3652,4
3652,3
3652,2
3652,1
3652,0
3651,4
3651,3
3651,2
3651,1
3651,0
3650,3
3650,2
3650,1
3650,0
3649,3
3649,2
3649,1
3649,0
3648,3
3648,2
3648,1
3648,0
3647,3
3647,2
3647,1
3647,0
3646,3
3646,2
3646,1
3646,0
3645,3
3645,2
3645,1
3645,0
3644,4
3644,3
3644,2
3644,1
3644,0
3643,4
3643,3
3643,2
3643,1
3643,0
3642,3
3642,2
3642,1
3642,0
3641,3
3641,2
3641,1
3641,0
3640,3
3640,2
3640,1
3640,0
3639,3
3639,2
3639,1
3639,0
3638,3
3638,2
3638,1
3638,0
3637,3
3637,2
3637,1
3637,0
3636,4
3636,3
3636,2
3636,1
3636,0
3635,4
3635,3
3635,2
3635,1
3635,0
3634,3
3634,2
3634,1
3634,0
3633,3
3633,2
3633,1
3633,0
3632,3
3632,2
3632,1
3632,0
3631,3
3631,2
3631,1
3631,0
3630,3
3630,2
3630,1
3630,0
3629,3
3629,2
3629,1
3629,0
3628,4
3628,3
3628,2
3628,1
3628,0
3627,4
3627,3
3627,2
3627,1
3627,0
3626,3
3626,2
3626,1
3626,0
3625,3
3625,2
3625,1
3625,0
3624,3
3624,2
3624,1
3624,0
3623,3
3623,2
3623,1
3623,0
3622,3
3622,2
3622,1
3622,0
3621,3
3621,2
3621,1
3621,0
3620,4
3620,3
3620,2
3620,1
3620,0
3619,4
3619,3
3619,2
3619,1
3619,0
3618,3
3618,2
3618,1
3618,0
3617,3
3617,2
3617,1
3617,0
3616,3
3616,2
3616,1
3616,0
3615,3
3615,2
3615,1
3615,0
3614,3
3614,2
3614,1
3614,0
3613,3
3613,2
3613,1
3613,0
3612,4
3612,3
3612,2
3612,1
3612,0
3611,4
3611,3
3611,2
3611,1
3611,0
3610,3
3610,2
3610,1
3610,0
3609,3
3609,2
3609,1
3609,0
3608,3
3608,2
3608,1
3608,0
3607,3
3607,2
3607,1
3607,0
3606,3
3606,2
3606,1
3606,0
3605,3
3605,2
3605,1
3605,0
3604,4
3604,3
3604,2
3604,1
3604,0
3603,4
3603,3
3603,2
3603,1
3603,0
3602,3
3602,2
3602,1
3602,0
3601,3
3601,2
3601,1
3601,0
3600,3
3600,2
3600,1
3600,0
3599,3
3599,2
3599,1
3599,0
3598,3
3598,2
3598,1
3598,0
3597,3
3597,2
3597,1
3597,0
3596,4
3596,3
3596,2
3596,1
3596,0
3595,4
3595,3
3595,2
3595,1
3595,0
3594,3
3594,2
3594,1
3594,0
3593,3
3593,2
3593,1
3593,0
3592,3
3592,2
3592,1
3592,0
3591,3
3591,2
3591,1
3591,0
3590,3
3590,2
3590,1
3590,0
3589,3
3589,2
3589,1
3589,0
3588,4
3588,3
3588,2
3588,1
3588,0
3587,4
3587,3
3587,2
3587,1
3587,0
3586,3
3586,2
3586,1
3586,0
3585,3
3585,2
3585,1
3585,0
3584,3
3584,2
3584,1
3584,0
3583,3
3583,2
3583,1
3583,0
3582,3
3582,2
3582,1
3582,0
3581,3
3581,2
3581,1
3581,0
3580,4
3580,3
3580,2
3580,1
3580,0
3579,4
3579,3
3579,2
3579,1
3579,0
3578,3
3578,2
3578,1
3578,0
3577,3
3577,2
3577,1
3577,0
3576,3
3576,2
3576,1
3576,0
3575,3
3575,2
3575,1
3575,0
3574,3
3574,2
3574,1
3574,0
3573,3
3573,2
3573,1
3573,0
3572,4
3572,3
3572,2
3572,1
3572,0
3571,4
3571,3
3571,2
3571,1
3571,0
3570,3
3570,2
3570,1
3570,0
3569,3
3569,2
3569,1
3569,0
3568,3
3568,2
3568,1
3568,0
3567,3
3567,2
3567,1
3567,0
3566,3
3566,2
3566,1
3566,0
3565,3
3565,2
3565,1
3565,0
3564,4
3564,3
3564,2
3564,1
3564,0
3563,4
3563,3
3563,2
3563,1
3563,0
3562,3
3562,2
3562,1
3562,0
3561,3
3561,2
3561,1
3561,0
3560,3
3560,2
3560,1
3560,0
3559,3
3559,2
3559,1
3559,0
3558,3
3558,2
3558,1
3558,0
3557,3
3557,2
3557,1
3557,0
3556,4
3556,3
3556,2
3556,1
3556,0
3555,4
3555,3
3555,2
3555,1
3555,0
3554,3
3554,2
3554,1
3554,0
3553,3
3553,2
3553,1
3553,0
3552,3
3552,2
3552,1
3552,0
3551,3
3551,2
3551,1
3551,0
3550,3
3550,2
3550,1
3550,0
3549,3
3549,2
3549,1
3549,0
3548,4
3548,3
3548,2
3548,1
3548,0
3547,4
3547,3
3547,2
3547,1
3547,0
3546,3
3546,2
3546,1
3546,0
3545,3
3545,2
3545,1
3545,0
3544,3
3544,2
3544,1
3544,0
3543,3
3543,2
3543,1
3543,0
3542,3
3542,2
3542,1
3542,0
3541,3
3541,2
3541,1
3541,0
3540,4
3540,3
3540,2
3540,1
3540,0
3539,4
3539,3
3539,2
3539,1
3539,0
3538,3
3538,2
3538,1
3538,0
3537,3
3537,2
3537,1
3537,0
3536,3
3536,2
3536,1
3536,0
3535,3
3535,2
3535,1
3535,0
3534,3
3534,2
3534,1
3534,0
3533,3
3533,2
3533,1
3533,0
3532,4
3532,3
3532,2
3532,1
3532,0
3531,4
